// Game: Generic
// Format: Standard
// entity 0
{
"classname" "worldspawn"
// brush 0
{
( -176 176 16 ) ( -176 -176 16 ) ( -176 -176 -16 ) decursio_top 0 0 0 0.2 0.2
( -176 -176 16 ) ( 176 -176 16 ) ( 176 -176 -16 ) decursio_top 0 0 0 0.2 0.2
( 176 -176 -16 ) ( 176 176 -16 ) ( -176 176 -16 ) decursio_top 0 0 0 0.2 0.2
( -176 176 16 ) ( 176 176 16 ) ( 176 -176 16 ) decursio_top 0 0 0 0.2 0.2
( 176 176 -16 ) ( 176 176 16 ) ( -176 176 16 ) decursio_top 0 0 0 0.2 0.2
( 176 -176 16 ) ( 176 176 16 ) ( 176 176 -16 ) decursio_top 0 0 0 0.2 0.2
}
// brush 1
{
( -176 -176 144 ) ( -176 -192 144 ) ( -176 -192 16 ) trak_floor_red -8 -8 0 0.5 0.5
( -176 -192 144 ) ( 176 -192 144 ) ( 176 -192 16 ) trak_floor_red 0 0 0 0.5 0.5
( 176 -192 16 ) ( 176 -176 16 ) ( -176 -176 16 ) trak_floor_red 0 0 0 0.5 0.5
( -176 -176 144 ) ( 176 -176 144 ) ( 176 -192 144 ) trak_floor_red 0 0 0 0.5 0.5
( 176 -176 16 ) ( 176 -176 144 ) ( -176 -176 144 ) trak_floor_red 0 0 0 0.5 0.5
( 176 -192 144 ) ( 176 -176 144 ) ( 176 -176 16 ) trak_floor_red -8 -8 0 0.5 0.5
}
// brush 2
{
( -176 192 144 ) ( -176 176 144 ) ( -176 176 16 ) metalrock -8 -8 0 0.2 0.2
( -176 176 144 ) ( 176 176 144 ) ( 176 176 16 ) metalrock 0 0 0 0.2 0.2
( 176 176 16 ) ( 176 192 16 ) ( -176 192 16 ) metalrock 0 0 0 0.2 0.2
( -176 192 144 ) ( 176 192 144 ) ( 176 176 144 ) metalrock 0 0 0 0.2 0.2
( 176 192 16 ) ( 176 192 144 ) ( -176 192 144 ) metalrock 0 0 0 0.2 0.2
( 176 176 144 ) ( 176 192 144 ) ( 176 192 16 ) metalrock -8 -8 0 0.2 0.2
}
// brush 3
{
( -192 176 16 ) ( -192 176 144 ) ( -192 -176 144 ) lava_texture 0 0 0 1 1
( -192 -176 144 ) ( -176 -176 144 ) ( -176 -176 16 ) lava_texture -8 -8 0 1 1
( -176 176 16 ) ( -192 176 16 ) ( -192 -176 16 ) lava_texture 0 0 0 1 1
( -192 -176 144 ) ( -192 176 144 ) ( -176 176 144 ) lava_texture 0 0 0 1 1
( -176 176 144 ) ( -192 176 144 ) ( -192 176 16 ) lava_texture -8 -8 0 1 1
( -176 -176 144 ) ( -176 176 144 ) ( -176 176 16 ) lava_texture 0 0 0 1 1
}
// brush 4
{
( 176 176 16 ) ( 176 176 144 ) ( 176 -176 144 ) 2010-09-04_08-47-26 0 0 0 0.1 0.1
( 176 -176 144 ) ( 192 -176 144 ) ( 192 -176 16 ) 2010-09-04_08-47-26 -8 -8 0 0.1 0.1
( 192 176 16 ) ( 176 176 16 ) ( 176 -176 16 ) 2010-09-04_08-47-26 0 0 0 0.1 0.1
( 176 -176 144 ) ( 176 176 144 ) ( 192 176 144 ) 2010-09-04_08-47-26 0 0 0 0.1 0.1
( 192 176 144 ) ( 176 176 144 ) ( 176 176 16 ) 2010-09-04_08-47-26 -8 -8 0 0.1 0.1
( 192 -176 144 ) ( 192 176 144 ) ( 192 176 16 ) 2010-09-04_08-47-26 0 0 0 0.1 0.1
}
// brush 5
{
( -176 176 176 ) ( -176 -176 176 ) ( -176 -176 144 ) rough645 0 0 0 0.5 0.5
( -176 -176 176 ) ( 176 -176 176 ) ( 176 -176 144 ) rough645 0 0 0 0.5 0.5
( 176 -176 144 ) ( 176 176 144 ) ( -176 176 144 ) rough645 0 0 0 0.5 0.5
( -176 176 176 ) ( 176 176 176 ) ( 176 -176 176 ) rough645 0 0 0 0.5 0.5
( 176 176 144 ) ( 176 176 176 ) ( -176 176 176 ) rough645 0 0 0 0.5 0.5
( 176 -176 176 ) ( 176 176 176 ) ( 176 176 144 ) rough645 0 0 0 0.5 0.5
}
// brush 6
{
( 80 80 0 ) ( 0 176 0 ) ( 0 176 16 ) concrete01_diff 0 0 0 1 1
( 80 80 16 ) ( 176 0 16 ) ( 176 0 0 ) concrete01_diff 0 0 0 1 1
( 0 176 16 ) ( 176 176 144 ) ( 80 80 16 ) concrete01_diff 0 0 0 1 1
( 80 80 16 ) ( 176 176 144 ) ( 176 0 16 ) concrete01_diff 0 0 0 1 1
( 80 80 0 ) ( 176 0 0 ) ( 0 176 0 ) concrete01_diff 0 0 0 1 1
( 176 176 128 ) ( 176 176 144 ) ( 0 176 16 ) concrete01_diff 0 0 0 1 1
( 176 0 0 ) ( 176 176 128 ) ( 0 176 0 ) concrete01_diff 0 0 0 1 1
( 176 0 16 ) ( 176 176 144 ) ( 176 176 128 ) concrete01_diff 0 0 0 1 1
}
// brush 7
{
( 80 -80 16 ) ( 0 -176 16 ) ( 0 -176 0 ) concrete01_diff 0 0 0 1 1
( 80 -80 0 ) ( 176 0 0 ) ( 176 0 16 ) concrete01_diff 0 0 0 1 1
( 80 -80 16 ) ( 176 -176 144 ) ( 0 -176 16 ) concrete01_diff 0 0 0 1 1
( 176 0 16 ) ( 176 -176 144 ) ( 80 -80 16 ) concrete01_diff 0 0 0 1 1
( 0 -176 16 ) ( 176 -176 144 ) ( 176 -176 128 ) concrete01_diff 0 0 0 1 1
( 80 -80 0 ) ( 0 -176 0 ) ( 176 0 0 ) concrete01_diff 0 0 0 1 1
( 0 -176 0 ) ( 176 -176 128 ) ( 176 0 0 ) concrete01_diff 0 0 0 1 1
( 176 -176 128 ) ( 176 -176 144 ) ( 176 0 16 ) concrete01_diff 0 0 0 1 1
}
// brush 8
{
( -176 176 128 ) ( -176 176 144 ) ( -176 0 16 ) concrete01_diff 0 0 0 1 1
( 0 176 0 ) ( -176 176 128 ) ( -176 0 0 ) concrete01_diff 0 0 0 1 1
( -80 80 0 ) ( 0 176 0 ) ( -176 0 0 ) concrete01_diff 0 0 0 1 1
( 0 176 16 ) ( -176 176 144 ) ( -176 176 128 ) concrete01_diff 0 0 0 1 1
( -176 0 16 ) ( -176 176 144 ) ( -80 80 16 ) concrete01_diff 0 0 0 1 1
( -80 80 16 ) ( -176 176 144 ) ( 0 176 16 ) concrete01_diff 0 0 0 1 1
( -80 80 0 ) ( -176 0 0 ) ( -176 0 16 ) concrete01_diff 0 0 0 1 1
( -80 80 16 ) ( 0 176 16 ) ( 0 176 0 ) concrete01_diff 0 0 0 1 1
}
// brush 9
{
( -176 0 16 ) ( -176 -176 144 ) ( -176 -176 128 ) concrete01_diff 0 0 0 1 1
( -176 0 0 ) ( -176 -176 128 ) ( 0 -176 0 ) concrete01_diff 0 0 0 1 1
( -176 -176 128 ) ( -176 -176 144 ) ( 0 -176 16 ) concrete01_diff 0 0 0 1 1
( -80 -80 0 ) ( -176 0 0 ) ( 0 -176 0 ) concrete01_diff 0 0 0 1 1
( -80 -80 16 ) ( -176 -176 144 ) ( -176 0 16 ) concrete01_diff 0 0 0 1 1
( 0 -176 16 ) ( -176 -176 144 ) ( -80 -80 16 ) concrete01_diff 0 0 0 1 1
( -80 -80 16 ) ( -176 0 16 ) ( -176 0 0 ) concrete01_diff 0 0 0 1 1
( -80 -80 0 ) ( 0 -176 0 ) ( 0 -176 16 ) concrete01_diff 0 0 0 1 1
}
}
